    w=[-1,1; -1,1; -1,1; -1,1; -1,1; 0,0; -1,1; 1,-1; -1,1; -1,1; -1,1; -1,1; 0,0; -1,1; -1,1; 0,0; -1,1];
    
    %Hamburger-Bayer
    G=[0,1; 1,2; 0,5; 0,8; 1,3; 0,0; 1,4; 9,5; 1,3; 0,4; 2,9; 0,3; 1,1; 0,5; 0,6; 0,0; 0,1];