    w=[0,0; -1,1; 0,0; 0,0; 1,-1; -1,1; 0,0;];
    
    %Frankfurt-Hertha
    G=[3,3; 0,2; 0,0; 4,4; 1,0; 1,6; 2,2;];