   % w=[0,0; 0,0;];
    
    %Koln-Leipzig

     w=[0,0; 0,0; 0,0; 0,0; 0,0; 0,0; 0,0;];
    
    
    G=[0,0; 0,0; 0,0; 0,0; 0,0; 0,0; 0,0;];